Using EqV

                                              App rot                  Venus
                                                due        Total     App Equator
                      |Range|    |Velocity|    Speed       App rot      Speed
Date                     AU         AU/d       deg/d        deg/d       m/s
------------------------------------------------------------------------------
2025 Mar 02 [Sun]     0.337271    0.005059    0.167071    1.489206    1.820612
2025 Mar 03 [Mon]     0.332388    0.004899    0.168082    1.448678    1.771064
2025 Mar 04 [Tue]     0.327672    0.004742    0.178330    1.407734    1.721009
2025 Mar 05 [Wed]     0.323130    0.004588    0.196548    1.366535    1.670642
2025 Mar 06 [Thu]     0.318770    0.004439    0.220802    1.325263    1.620186
2025 Mar 07 [Fri]     0.314602    0.004294    0.249235    1.284126    1.569893
2025 Mar 08 [Sat]     0.310633    0.004153    0.280361    1.243352    1.520046
2025 Mar 09 [Sun]     0.306874    0.004019    0.313056    1.203198    1.470956
2025 Mar 10 [Mon]     0.303332    0.003890    0.346462    1.163940    1.422962

2025 Mar 11 [Tue]     0.300017    0.003767    0.379897    1.125877    1.376428
2025 Mar 12 [Wed]     0.296936    0.003652    0.412796    1.089323    1.331739
2025 Mar 13 [Thu]     0.294099    0.003545    0.444666    1.054607    1.289298
2025 Mar 14 [Fri]     0.291513    0.003447    0.475065    1.022067    1.249516
2025 Mar 15 [Sat]     0.289185    0.003359    0.503590    0.992040    1.212807
2025 Mar 16 [Sun]     0.287124    0.003280    0.529869    0.964858    1.179576
2025 Mar 17 [Mon]     0.285336    0.003213    0.553563    0.940838    1.150210
2025 Mar 18 [Tue]     0.283826    0.003157    0.574367    0.920269    1.125064

2025 Mar 19 [Wed]     0.282601    0.003114    0.592012    0.903409    1.104453
2025 Mar 20 [Thu]     0.281664    0.003084    0.606271    0.890472    1.088636
2025 Mar 21 [Fri]     0.281019    0.003067    0.616962    0.881616    1.077810
2025 Mar 22 [Sat]     0.280669    0.003063    0.623953    0.876948    1.072102<<
2025 Mar 23 [Sun]     0.280616    0.003073    0.627166    0.876508    1.071565
2025 Mar 24 [Mon]     0.280860    0.003096    0.626578    0.880278    1.076174
2025 Mar 25 [Tue]     0.281401    0.003133    0.622221    0.888180    1.085834

2025 Mar 26 [Wed]     0.282239    0.003182    0.614185    0.900081    1.100383
2025 Mar 27 [Thu]     0.283371    0.003243    0.602612    0.915798    1.119598
2025 Mar 28 [Fri]     0.284793    0.003315    0.587695    0.935109    1.143207
2025 Mar 29 [Sat]     0.286503    0.003398    0.569677    0.957760    1.170898
2025 Mar 30 [Sun]     0.288496    0.003490    0.548841    0.983468    1.202327
2025 Mar 31 [Mon]     0.290765    0.003592    0.525512    1.011936    1.237131
2025 Apr 01 [Tue]     0.293305    0.003701    0.500051    1.042856    1.274932

2025 Apr 02 [Wed]     0.296110    0.003819    0.472852    1.075915    1.315347
2025 Apr 03 [Thu]     0.299171    0.003943    0.444345    1.110801    1.357997
2025 Apr 04 [Fri]     0.302482    0.004073    0.414999    1.147209    1.402507
2025 Apr 05 [Sat]     0.306035    0.004208    0.385328    1.184844    1.448517
2025 Apr 06 [Sun]     0.309821    0.004349    0.355908    1.223425    1.495684
2025 Apr 07 [Mon]     0.313831    0.004494    0.327390    1.262689    1.543685
2025 Apr 08 [Tue]     0.318059    0.004643    0.300528    1.302388    1.592220
2025 Apr 09 [Wed]     0.322494    0.004795    0.276198    1.342299    1.641012
2025 Apr 10 [Thu]     0.327129    0.004951    0.255393    1.382217    1.689813
2025 Apr 11 [Fri]     0.331954    0.005110    0.239174    1.421957    1.738397
------------------------------------------------------------------------------
