
Bochum to Venus   at 1200 utc
-------------------------------

                    hhmm       AZ       EL       Range     Echo     Elong
Date                 utc       deg      deg       M km      dB       deg 
-------------------------------------------------------------------------
2025 Mar 02 [Sun]   1200      151.73    46.27    50.09    -3.07     29.4
2025 Mar 03 [Mon]   1200      153.16    46.71    49.37    -2.82     28.5
2025 Mar 04 [Tue]   1200      154.66    47.13    48.68    -2.57     27.5
2025 Mar 05 [Wed]   1200      156.25    47.51    48.01    -2.33     26.4
2025 Mar 06 [Thu]   1200      157.92    47.87    47.37    -2.10     25.3
2025 Mar 07 [Fri]   1200      159.67    48.20    46.76    -1.88     24.2
2025 Mar 08 [Sat]   1200      161.49    48.48    46.18    -1.66     23.1
2025 Mar 09 [Sun]   1200      163.39    48.72    45.63    -1.45     21.9
2025 Mar 10 [Mon]   1200      165.36    48.92    45.12    -1.26     20.8

2025 Mar 11 [Tue]   1200      167.40    49.07    44.64    -1.07     19.5
2025 Mar 12 [Wed]   1200      169.50    49.17    44.20    -0.90     18.3
2025 Mar 13 [Thu]   1200      171.65    49.22    43.79    -0.74     17.1
2025 Mar 14 [Fri]   1200      173.84    49.20    43.42    -0.59     15.9
2025 Mar 15 [Sat]   1200      176.07    49.13    43.09    -0.46     14.7
2025 Mar 16 [Sun]   1200      178.32    49.00    42.81    -0.34     13.5
2025 Mar 17 [Mon]   1200      180.59    48.81    42.56    -0.24     12.3
2025 Mar 18 [Tue]   1200      182.85    48.56    42.35    -0.16     11.2

2025 Mar 19 [Wed]   1200      185.11    48.25    42.19    -0.09     10.3
2025 Mar 20 [Thu]   1200      187.35    47.88    42.08    -0.04      9.5
2025 Mar 21 [Fri]   1200      189.56    47.46    42.00    -0.01      8.9
2025 Mar 22 [Sat]   1200      191.74    46.99    41.97    -0.00      8.5  <<<
2025 Mar 23 [Sun]   1200      193.87    46.47    41.99    -0.01      8.4
2025 Mar 24 [Mon]   1200      195.94    45.90    42.05    -0.03      8.6
2025 Mar 25 [Tue]   1200      197.95    45.29    42.15    -0.07      9.1

2025 Mar 26 [Wed]   1200      199.91    44.65    42.30    -0.13      9.8
2025 Mar 27 [Thu]   1200      201.79    43.98    42.49    -0.21     10.7
2025 Mar 28 [Fri]   1200      203.61    43.28    42.73    -0.31     11.7
2025 Mar 29 [Sat]   1200      205.35    42.57    43.00    -0.42     12.8
2025 Mar 30 [Sun]   1200      207.02    41.84    43.32    -0.55     13.9
2025 Mar 31 [Mon]   1200      208.62    41.10    43.68    -0.69     15.1
2025 Apr 01 [Tue]   1200      210.15    40.35    44.08    -0.85     16.3

2025 Apr 02 [Wed]   1200      211.61    39.60    44.52    -1.02     17.5
2025 Apr 03 [Thu]   1200      213.01    38.86    44.99    -1.21     18.7
2025 Apr 04 [Fri]   1200      214.34    38.12    45.51    -1.40     19.9
2025 Apr 05 [Sat]   1200      215.60    37.39    46.05    -1.61     21.1
2025 Apr 06 [Sun]   1200      216.81    36.67    46.64    -1.83     22.3
2025 Apr 07 [Mon]   1200      217.95    35.97    47.25    -2.06     23.4
2025 Apr 08 [Tue]   1200      219.04    35.29    47.90    -2.29     24.5
2025 Apr 09 [Wed]   1200      220.08    34.63    48.58    -2.54     25.6
2025 Apr 10 [Thu]   1200      221.07    33.98    49.28    -2.79     26.6
2025 Apr 11 [Fri]   1200      222.02    33.37    50.02    -3.05     27.6
-------------------------------------------------------------------------
